100 0
200 0
300 0
400 0
500 0
600 0
700 0
800 0
900 0
1000 0
1100 0
1200 0
1300 0
1400 0
1500 0
1600 0
1700 0
1800 0
1900 0
2000 0
2100 0
2200 0
2300 0
2400 0
2500 0
2600 0
2700 0
2800 0
2900 0
3000 0
3100 0
3200 0
3300 0
3400 0
3500 0
3600 0
3700 0
3800 0
3900 0
4000 0
4100 0
4200 0
4300 0
4400 0
4500 0
4600 0
4700 1
4800 0
4900 0
5000 0
5100 0
5200 0
5300 0
5400 0
5500 0
5600 0
5700 0
5800 0
5900 1
6000 0
6100 0
6200 0
6300 0
6400 0
6500 0
6600 0
6700 0
6800 0
6900 1
7000 0
7100 0
7200 0
7300 0
7400 0
7500 0
7600 0
7700 0
7800 1
7900 0
8000 0
8100 0
8200 0
8300 0
8400 1
8500 0
8600 0
8700 0
8800 0
8900 0
9000 0
9100 1
9200 0
9300 0
9400 0
9500 0
9600 0
9700 0
9800 1
9900 0
10000 0
10100 0
10200 0
10300 0
10400 1
10500 0
10600 0
10700 0
10800 0
10900 0
11000 1
11100 0
11200 0
11300 0
11400 0
11500 0
11600 1
11700 0
11800 0
11900 0
12000 0
12100 1
12200 0
12300 0
12400 0
12500 0
12600 1
12700 0
12800 0
12900 0
13000 0
13100 1
13200 0
13300 0
13400 0
13500 0
13600 1
13700 0
13800 0
13900 0
14000 0
14100 0
14200 0
14300 0
14400 0
14500 1
14600 0
14700 0
14800 0
14900 0
15000 0
15100 0
15200 0
15300 0
15400 1
15500 0
15600 0
15700 0
15800 1
15900 0
16000 0
16100 0
16200 1
16300 0
16400 1
16500 0
16600 0
16700 1
16800 0
16900 0
17000 0
17100 1
17200 0
17300 0
17400 0
17500 0
17600 0
17700 0
17800 1
17900 0
18000 0
18100 0
18200 0
18300 0
18400 0
18500 1
18600 0
18700 0
18800 1
18900 0
19000 0
19100 0
19200 0
19300 0
19400 0
19500 1
19600 0
19700 0
19800 1
19900 0
20000 0
20100 0
20200 0
20300 0
20400 0
20500 0
20600 0
20700 0
20800 1
20900 0
21000 0
21100 1
21200 0
21300 0
21400 1
21500 0
21600 0
21700 0
21800 0
21900 0
22000 0
22100 0
22200 0
22300 0
22400 0
22500 1
22600 0
22700 0
22800 1
22900 0
23000 0
23100 1
23200 0
23300 1
23400 0
23500 0
23600 1
23700 0
23800 0
23900 0
24000 0
24100 1
24200 0
24300 0
24400 0
24500 0
24600 1
24700 0
24800 0
24900 1
25000 0
25100 0
25200 0
25300 0
25400 1
25500 0
25600 1
25700 0
25800 0
25900 0
26000 0
26100 0
26200 0
26300 0
26400 1
26500 0
26600 1
26700 0
26800 0
26900 1
27000 0
27100 1
27200 0
27300 1
27400 0
27500 1
27600 0
27700 0
27800 0
27900 0
28000 1
28100 0
28200 1
28300 0
28400 0
28500 0
28600 0
28700 0
28800 0
28900 1
29000 0
29100 1
29200 0
29300 1
29400 0
29500 0
29600 0
29700 1
29800 0
29900 0
30000 0
30100 0
30200 0
30300 0
30400 1
30500 0
30600 1
30700 0
30800 1
30900 0
31000 1
31100 0
31200 1
31300 0
31400 1
31500 0
31600 1
31700 0
31800 1
31900 0
32000 1
32100 0
32200 1
32300 0
32400 1
32500 0
32600 1
32700 0
32800 3
32900 0
33000 1
33100 0
33200 1
33300 0
33400 0
33500 0
33600 0
33700 0
33800 0
33900 1
34000 0
34100 1
34200 0
34300 1
34400 0
34500 1
34600 0
34700 1
34800 0
34900 0
35000 0
35100 0
35200 1
35300 0
35400 1
35500 0
35600 1
35700 0
35800 1
35900 0
36000 1
36100 0
36200 0
36300 1
36400 0
36500 1
36600 0
36700 1
36800 0
36900 0
37000 1
37100 0
37200 1
37300 0
37400 0
37500 0
37600 0
37700 1
37800 0
37900 1
38000 0
38100 1
38200 0
38300 1
38400 1
38500 0
38600 1
38700 0
38800 0
38900 1
39000 0
39100 1
39200 0
39300 0
39400 1
39500 0
39600 1
39700 0
39800 0
39900 1
40000 0
40100 0
40200 1
40300 0
40400 1
40500 1
40600 1
40700 0
40800 0
40900 1
41000 0
41100 0
41200 1
41300 0
41400 0
41500 1
41600 0
41700 1
41800 1
41900 0
42000 1
42100 1
42200 0
42300 1
42400 0
42500 0
42600 1
42700 0
42800 0
42900 1
43000 1
43100 0
43200 1
43300 1
43400 0
43500 1
43600 1
43700 0
43800 1
43900 1
44000 1
44100 0
44200 0
44300 1
44400 0
44500 0
44600 1
44700 0
44800 0
44900 1
45000 1
45100 0
45200 0
45300 1
45400 0
45500 0
45600 1
45700 1
45800 0
45900 0
46000 1
46100 0
46200 0
46300 1
46400 1
46500 0
46600 0
46700 1
46800 1
46900 0
47000 0
47100 1
47200 0
47300 0
47400 0
47500 1
47600 0
47700 0
47800 0
47900 1
48000 0
48100 0
48200 0
48300 1
48400 1
48500 0
48600 0
48700 0
48800 1
48900 1
49000 0
49100 0
49200 0
49300 1
49400 1
49500 0
49600 0
49700 1
49800 1
49900 1
50000 0
50100 0
50200 1
50300 1
50400 0
50500 0
50600 0
50700 1
50800 1
50900 0
51000 0
51100 0
51200 1
51300 1
51400 0
51500 0
51600 0
51700 1
51800 1
51900 1
52000 0
52100 0
52200 1
52300 1
52400 1
52500 0
52600 0
52700 0
52800 0
52900 1
53000 1
53100 1
53200 0
53300 0
53400 0
53500 1
53600 1
53700 1
53800 1
53900 0
54000 0
54100 0
54200 1
54300 1
54400 1
54500 0
54600 0
54700 0
54800 1
54900 1
55000 1
55100 1
55200 1
55300 0
55400 0
55500 0
55600 1
55700 1
55800 1
55900 1
56000 0
56100 0
56200 0
56300 0
56400 1
56500 1
56600 1
56700 1
56800 1
56900 0
57000 0
57100 0
57200 0
57300 1
57400 1
57500 1
57600 1
57700 1
57800 1
57900 0
58000 0
58100 0
58200 0
58300 1
58400 0
58500 0
58600 1
58700 1
58800 1
58900 1
59000 1
59100 1
59200 1
59300 1
59400 0
59500 1
59600 1
59700 1
59800 1
59900 1
60000 1
60100 1
60200 1
60300 1
60400 1
60500 1
60600 0
60700 0
60800 0
60900 0
61000 0
61100 0
61200 0
61300 0
61400 1
61500 1
61600 1
61700 1
61800 1
61900 1
62000 1
62100 1
62200 1
62300 1
62400 1
62500 1
62600 1
62700 1
62800 1
62900 1
63000 1
63100 1
63200 1
63300 1
63400 1
63500 1
63600 1
63700 1
63800 1
63900 1
64000 1
64100 1
64200 1
64300 1
64400 1
64500 1
64600 1
64700 1
64800 1
64900 1
65000 1
65100 1
65200 1
65300 1
65400 1
65500 1
65600 2
65700 1
65800 1
65900 1
66000 1
66100 0
66200 0
66300 0
66400 0
66500 0
66600 0
66700 0
66800 0
66900 1
67000 1
67100 1
67200 1
67300 1
67400 1
67500 1
67600 1
67700 1
67800 1
67900 1
68000 1
68100 1
68200 0
68300 0
68400 0
68500 0
68600 1
68700 1
68800 1
68900 1
69000 1
69100 1
69200 1
69300 1
69400 1
69500 0
69600 0
69700 0
69800 1
69900 1
70000 1
70100 1
70200 1
70300 1
70400 1
70500 0
70600 0
70700 1
70800 0
70900 1
71000 1
71100 1
71200 1
71300 1
71400 1
71500 1
71600 1
71700 1
71800 1
71900 0
72000 1
72100 1
72200 1
72300 1
72400 1
72500 0
72600 0
72700 1
72800 1
72900 1
73000 1
73100 1
73200 0
73300 0
73400 1
73500 1
73600 1
73700 1
73800 0
73900 1
74000 1
74100 1
74200 1
74300 1
74400 0
74500 0
74600 1
74700 1
74800 1
74900 1
75000 0
75100 1
75200 1
75300 1
75400 1
75500 0
75600 0
75700 1
75800 1
75900 1
76000 1
76100 0
76200 1
76300 1
76400 0
76500 0
76600 1
76700 1
76800 1
76900 0
77000 0
77100 1
77200 1
77300 1
77400 0
77500 1
77600 1
77700 1
77800 1
77900 0
78000 1
78100 1
78200 1
78300 1
78400 0
78500 1
78600 1
78700 1
78800 0
78900 2
79000 1
79100 1
79200 1
79300 1
79400 1
79500 0
79600 1
79700 1
79800 1
79900 0
80000 1
80100 2
80200 1
80300 0
80400 1
80500 2
80600 1
80700 1
80800 1
80900 1
81000 0
81100 1
81200 1
81300 1
81400 0
81500 1
81600 1
81700 1
81800 0
81900 1
82000 1
82100 1
82200 1
82300 1
82400 1
82500 1
82600 1
82700 1
82800 0
82900 1
83000 1
83100 1
83200 1
83300 1
83400 1
83500 0
83600 1
83700 1
83800 1
83900 1
84000 1
84100 1
84200 1
84300 0
84400 1
84500 1
84600 0
84700 1
84800 1
84900 0
85000 1
85100 1
85200 0
85300 1
85400 1
85500 0
85600 1
85700 1
85800 0
85900 1
86000 1
86100 1
86200 1
86300 1
86400 1
86500 1
86600 1
86700 1
86800 1
86900 1
87000 1
87100 1
87200 0
87300 1
87400 1
87500 0
87600 1
87700 1
87800 1
87900 1
88000 1
88100 1
88200 1
88300 0
88400 1
88500 1
88600 1
88700 1
88800 1
88900 1
89000 2
89100 1
89200 1
89300 1
89400 1
89500 1
89600 1
89700 1
89800 1
89900 1
90000 1
90100 1
90200 1
90300 1
90400 0
90500 1
90600 1
90700 1
90800 1
90900 1
91000 1
91100 1
91200 1
91300 1
91400 1
91500 1
91600 1
91700 1
91800 0
91900 1
92000 1
92100 1
92200 1
92300 1
92400 1
92500 1
92600 1
92700 1
92800 2
92900 0
93000 1
93100 1
93200 1
93300 1
93400 1
93500 1
93600 1
93700 1
93800 1
93900 1
94000 1
94100 1
94200 1
94300 1
94400 1
94500 1
94600 1
94700 1
94800 1
94900 1
95000 1
95100 1
95200 1
95300 1
95400 1
95500 1
95600 1
95700 1
95800 1
95900 1
96000 1
96100 1
96200 1
96300 1
96400 1
96500 1
96600 1
96700 1
96800 1
96900 1
97000 1
97100 1
97200 1
97300 1
97400 1
97500 1
97600 1
97700 1
97800 1
97900 1
98000 1
98100 1
98200 1
98300 1
98400 1
98500 1
98600 1
98700 1
98800 1
98900 1
99000 1
99100 1
99200 1
99300 1
99400 1
99500 1
99600 1
99700 1
99800 1
99900 1
100000 1
100100 1
100200 1
100300 1
100400 1
100500 1
100600 1
100700 1
100800 1
100900 1
101000 1
101100 1
101200 1
101300 1
101400 1
101500 1
101600 1
101700 1
101800 1
101900 1
102000 1
102100 1
102200 1
102300 1
102400 1
102500 1
102600 1
102700 1
102800 1
102900 1
103000 1
103100 1
103200 1
103300 1
103400 2
103500 1
103600 1
103700 2
103800 1
103900 1
104000 1
104100 1
104200 1
104300 1
104400 1
104500 1
104600 1
104700 1
104800 1
104900 1
105000 1
105100 1
105200 2
105300 1
105400 1
105500 1
105600 1
105700 1
105800 1
105900 1
106000 1
106100 1
106200 1
106300 1
106400 1
106500 1
106600 1
106700 1
106800 1
106900 1
107000 2
107100 1
107200 1
107300 2
107400 1
107500 1
107600 2
107700 1
107800 1
107900 1
108000 1
108100 1
108200 1
108300 1
108400 1
108500 1
108600 2
108700 1
108800 1
108900 1
109000 1
109100 1
109200 1
109300 1
109400 1
109500 1
109600 2
109700 1
109800 1
109900 1
110000 1
110100 1
110200 1
110300 1
110400 1
110500 1
110600 1
110700 2
110800 1
110900 1
111000 1
111100 1
111200 1
111300 2
111400 2
111500 2
111600 1
111700 1
111800 1
111900 2
112000 1
112100 1
112200 1
112300 1
112400 2
112500 1
112600 1
112700 1
112800 2
112900 1
113000 1
113100 2
113200 1
113300 1
113400 1
113500 1
113600 1
113700 2
113800 1
113900 1
114000 1
114100 1
114200 1
114300 1
114400 1
114500 1
114600 1
114700 1
114800 1
114900 1
115000 1
115100 1
115200 1
115300 1
115400 1
115500 1
115600 1
115700 1
115800 1
115900 1
116000 1
116100 1
116200 2
116300 1
116400 1
116500 1
116600 1
116700 1
116800 1
116900 1
117000 1
117100 2
117200 1
117300 1
117400 2
117500 1
117600 2
117700 2
117800 1
117900 1
118000 1
118100 1
118200 1
118300 2
118400 1
118500 1
118600 1
118700 1
118800 1
118900 1
119000 1
119100 2
119200 1
119300 1
119400 1
119500 1
119600 1
119700 1
119800 2
119900 2
120000 1
120100 1
120200 1
120300 1
120400 1
120500 1
120600 2
120700 2
120800 1
120900 1
121000 1
121100 1
121200 1
121300 1
121400 1
121500 2
121600 2
121700 2
121800 1
121900 1
122000 1
122100 1
122200 1
122300 1
122400 1
122500 1
122600 2
122700 2
122800 2
122900 1
123000 1
123100 1
123200 1
123300 1
123400 1
123500 2
123600 2
123700 1
123800 1
123900 1
124000 1
124100 1
124200 1
124300 1
124400 1
124500 1
124600 1
124700 1
124800 1
124900 1
125000 1
125100 1
125200 1
125300 1
125400 1
125500 2
125600 2
125700 2
125800 2
125900 2
126000 2
126100 2
126200 2
126300 1
126400 1
126500 1
126600 1
126700 1
126800 1
126900 1
127000 1
127100 1
127200 1
127300 1
127400 1
127500 1
127600 1
127700 1
127800 1
127900 1
128000 1
128100 1
128200 1
128300 1
128400 2
128500 2
128600 2
128700 2
128800 2
128900 2
129000 2
129100 2
129200 2
129300 2
129400 2
129500 2
129600 2
129700 2
129800 2
129900 2
130000 1
130100 1
130200 1
130300 2
130400 2
130500 2
130600 2
130700 2
130800 1
130900 1
131000 1
131100 4
131200 2
131300 2
131400 2
131500 1
131600 1
131700 1
131800 1
131900 1
132000 1
132100 1
132200 1
132300 2
132400 2
132500 2
132600 2
132700 2
132800 1
132900 1
133000 1
133100 1
133200 1
133300 1
133400 1
133500 1
133600 2
133700 2
133800 2
133900 1
134000 1
134100 1
134200 1
134300 1
134400 1
134500 2
134600 2
134700 2
134800 1
134900 1
135000 1
135100 2
135200 2
135300 2
135400 1
135500 1
135600 1
135700 1
135800 1
135900 2
136000 2
136100 2
136200 1
136300 1
136400 1
136500 1
136600 2
136700 2
136800 2
136900 1
137000 1
137100 1
137200 1
137300 2
137400 2
137500 2
137600 1
137700 1
137800 1
137900 2
138000 2
138100 2
138200 1
138300 1
138400 1
138500 1
138600 1
138700 1
138800 2
138900 2
139000 1
139100 1
139200 1
139300 1
139400 2
139500 2
139600 1
139700 1
139800 1
139900 2
140000 2
140100 1
140200 2
140300 2
140400 1
140500 1
140600 1
140700 1
140800 1
140900 2
141000 2
141100 1
141200 1
141300 1
141400 2
141500 2
141600 1
141700 1
141800 1
141900 2
142000 2
142100 1
142200 1
142300 1
142400 2
142500 1
142600 1
142700 1
142800 2
142900 2
143000 1
143100 1
143200 2
143300 2
143400 1
143500 1
143600 2
143700 2
143800 1
143900 1
144000 2
144100 2
144200 1
144300 1
144400 2
144500 2
144600 1
144700 1
144800 2
144900 2
145000 1
145100 1
145200 2
145300 1
145400 1
145500 2
145600 2
145700 1
145800 1
145900 3
146000 1
146100 1
146200 2
146300 1
146400 1
146500 2
146600 2
146700 1
146800 1
146900 2
147000 1
147100 1
147200 2
147300 1
147400 1
147500 2
147600 2
147700 1
147800 2
147900 2
148000 1
148100 2
148200 2
148300 1
148400 2
148500 2
148600 1
148700 1
148800 2
148900 1
149000 2
149100 2
149200 1
149300 2
149400 2
149500 1
149600 2
149700 2
149800 1
149900 2
150000 2
150100 1
150200 2
150300 2
150400 2
150500 1
150600 1
150700 3
150800 2
150900 1
151000 2
151100 1
151200 2
151300 2
151400 1
151500 2
151600 2
151700 1
151800 2
151900 1
152000 2
152100 2
152200 1
152300 2
152400 1
152500 1
152600 2
152700 1
152800 2
152900 1
153000 1
153100 2
153200 1
153300 2
153400 2
153500 1
153600 2
153700 1
153800 2
153900 1
154000 1
154100 2
154200 1
154300 2
154400 1
154500 2
154600 2
154700 1
154800 2
154900 1
155000 2
155100 1
155200 2
155300 1
155400 2
155500 3
155600 2
155700 2
155800 2
155900 2
156000 1
156100 2
156200 1
156300 2
156400 1
156500 2
156600 1
156700 2
156800 2
156900 1
157000 2
157100 1
157200 2
157300 1
157400 2
157500 1
157600 2
157700 1
157800 2
157900 1
158000 2
158100 2
158200 2
158300 2
158400 1
158500 2
158600 1
158700 2
158800 1
158900 2
159000 1
159100 2
159200 1
159300 2
159400 1
159500 2
159600 1
159700 2
159800 1
159900 2
160000 2
160100 2
160200 2
160300 2
160400 2
160500 2
160600 2
160700 1
160800 2
160900 1
161000 2
161100 1
161200 2
161300 2
161400 2
161500 2
161600 1
161700 2
161800 1
161900 2
162000 2
162100 1
162200 2
162300 2
162400 1
162500 2
162600 2
162700 2
162800 2
162900 3
163000 2
163100 2
163200 1
163300 2
163400 1
163500 2
163600 1
163700 2
163800 2
163900 2
164000 2
164100 1
164200 2
164300 1
164400 2
164500 2
164600 2
164700 1
164800 2
164900 2
165000 1
165100 2
165200 2
165300 2
165400 2
165500 1
165600 2
165700 2
165800 1
165900 2
166000 2
166100 1
166200 2
166300 2
166400 1
166500 3
166600 1
166700 2
166800 1
166900 2
167000 2
167100 2
167200 2
167300 2
167400 2
167500 2
167600 2
167700 2
167800 2
167900 1
168000 2
168100 2
168200 2
168300 2
168400 1
168500 2
168600 2
168700 3
168800 2
168900 1
169000 2
169100 2
169200 1
169300 2
169400 2
169500 2
169600 2
169700 2
169800 1
169900 2
170000 2
170100 1
170200 2
170300 2
170400 1
170500 2
170600 2
170700 1
170800 2
170900 2
171000 1
171100 2
171200 2
171300 2
171400 1
171500 2
171600 2
171700 1
171800 1
171900 2
172000 2
172100 1
172200 2
172300 2
172400 1
172500 2
172600 2
172700 2
172800 1
172900 2
173000 3
173100 2
173200 1
173300 2
173400 2
173500 2
173600 2
173700 2
173800 1
173900 2
174000 2
174100 2
174200 1
174300 2
174400 2
174500 2
174600 2
174700 2
174800 2
174900 1
175000 2
175100 2
175200 2
175300 1
175400 2
175500 2
175600 2
175700 1
175800 2
175900 2
176000 2
176100 1
176200 2
176300 2
176400 2
176500 2
176600 2
176700 1
176800 2
176900 2
177000 2
177100 2
177200 2
177300 1
177400 2
177500 1
177600 2
177700 2
177800 2
177900 2
178000 1
178100 2
178200 2
178300 2
178400 2
178500 2
178600 2
178700 2
178800 2
178900 1
179000 2
179100 2
179200 2
179300 2
179400 1
179500 2
179600 2
179700 2
179800 2
179900 2
180000 1
180100 2
180200 2
180300 2
180400 2
180500 1
180600 2
180700 2
180800 2
180900 2
181000 2
181100 1
181200 2
181300 2
181400 3
181500 2
181600 2
181700 2
181800 2
181900 1
182000 2
182100 2
182200 2
182300 2
182400 2
182500 2
182600 1
182700 2
182800 2
182900 2
183000 2
183100 2
183200 2
183300 1
183400 2
183500 2
183600 2
183700 2
183800 2
183900 2
184000 2
184100 1
184200 2
184300 2
184400 2
184500 2
184600 2
184700 2
184800 2
184900 1
185000 1
185100 2
185200 2
185300 3
185400 2
185500 2
185600 2
185700 2
185800 2
185900 2
186000 2
186100 2
186200 2
186300 2
186400 2
186500 1
186600 1
186700 2
186800 2
186900 2
187000 2
187100 2
187200 2
187300 2
187400 2
187500 2
187600 2
187700 2
187800 2
187900 2
188000 1
188100 1
188200 2
188300 2
188400 2
188500 2
188600 2
188700 2
188800 2
188900 2
189000 2
189100 2
189200 2
189300 2
189400 3
189500 2
189600 2
189700 3
189800 2
189900 2
190000 2
190100 2
190200 2
190300 2
190400 2
190500 3
190600 2
190700 2
190800 2
190900 1
191000 1
191100 1
191200 2
191300 2
191400 2
191500 2
191600 2
191700 2
191800 2
191900 2
192000 2
192100 2
192200 2
192300 2
192400 2
192500 2
192600 2
192700 2
192800 2
192900 1
193000 1
193100 1
193200 1
193300 2
193400 2
193500 2
193600 2
193700 2
193800 2
193900 2
194000 2
194100 2
194200 2
194300 1
194400 2
194500 2
194600 2
194700 3
194800 2
194900 2
195000 2
195100 2
195200 2
195300 2
195400 2
195500 2
195600 2
195700 3
195800 2
195900 2
196000 2
196100 2
196200 2
196300 2
196400 2
196500 2
196600 2
196700 3
196800 1
196900 2
197000 2
197100 2
197200 2
197300 2
197400 2
197500 2
197600 2
197700 2
197800 2
197900 2
198000 2
198100 2
198200 2
198300 2
198400 2
198500 2
198600 2
198700 2
198800 2
198900 2
199000 2
199100 2
199200 2
199300 2
199400 2
199500 2
199600 2
199700 2
199800 3
199900 2
