1000 0
11000 0
21000 0
31000 0
41000 1
51000 0
61000 0
71000 1
81000 0
91000 0
101000 1
111000 1
121000 1
131000 1
141000 3
151000 1
161000 1
171000 1
181000 1
191000 1
201000 2
211000 2
221000 2
231000 2
241000 2
251000 2
261000 2
271000 8
281000 2
291000 2
301000 3
311000 3
321000 3
331000 3
341000 3
351000 3
361000 3
371000 4
381000 3
391000 3
401000 4
411000 4
421000 4
431000 4
441000 4
451000 4
461000 4
471000 4
481000 4
491000 4
501000 5
511000 5
521000 5
531000 14
541000 5
551000 5
561000 5
571000 5
581000 5
591000 5
601000 6
611000 6
621000 6
631000 6
641000 6
651000 6
661000 6
671000 6
681000 6
691000 6
701000 7
711000 7
721000 7
731000 7
741000 7
751000 7
761000 7
771000 7
781000 9
791000 7
801000 8
811000 8
821000 8
831000 10
841000 8
851000 8
861000 8
871000 9
881000 9
891000 8
901000 8
911000 9
921000 9
931000 9
941000 9
951000 10
961000 9
971000 9
981000 9
991000 9
1001000 10
1011000 10
1021000 10
1031000 10
1041000 10
1051000 31
1061000 10
1071000 10
1081000 12
1091000 10
1101000 11
1111000 11
1121000 11
1131000 11
1141000 11
1151000 12
1161000 11
1171000 13
1181000 11
1191000 11
1201000 12
1211000 14
1221000 12
1231000 12
1241000 12
1251000 12
1261000 13
1271000 13
1281000 12
1291000 12
1301000 13
1311000 13
1321000 13
1331000 13
1341000 13
1351000 13
1361000 13
1371000 13
1381000 14
1391000 13
1401000 14
1411000 14
1421000 14
1431000 15
1441000 14
1451000 14
1461000 14
1471000 14
1481000 14
1491000 15
1501000 15
1511000 15
1521000 15
1531000 15
1541000 15
1551000 15
1561000 15
1571000 15
1581000 16
1591000 16
1601000 16
1611000 16
1621000 16
1631000 20
1641000 16
1651000 16
1661000 16
1671000 17
1681000 16
1691000 16
1701000 17
1711000 17
1721000 17
1731000 18
1741000 17
1751000 17
1761000 17
1771000 17
1781000 17
1791000 17
1801000 18
1811000 19
1821000 18
1831000 18
1841000 18
1851000 18
1861000 18
1871000 18
1881000 20
1891000 18
1901000 19
1911000 19
1921000 20
1931000 19
1941000 19
1951000 19
1961000 20
1971000 19
1981000 19
1991000 21
2001000 20
2011000 20
2021000 20
2031000 20
2041000 20
2051000 20
2061000 20
2071000 20
2081000 20
2091000 21
2101000 60
2111000 21
2121000 21
2131000 21
2141000 21
2151000 21
2161000 22
2171000 21
2181000 21
2191000 22
2201000 22
2211000 22
2221000 23
2231000 22
2241000 22
2251000 22
2261000 24
2271000 22
2281000 22
2291000 24
2301000 24
2311000 23
2321000 23
2331000 23
2341000 23
2351000 23
2361000 24
2371000 25
2381000 24
2391000 24
2401000 24
2411000 24
2421000 25
2431000 25
2441000 24
2451000 26
2461000 25
2471000 24
2481000 24
2491000 25
2501000 25
2511000 25
2521000 25
2531000 26
2541000 25
2551000 25
2561000 25
2571000 25
2581000 25
2591000 27
2601000 26
2611000 26
2621000 27
2631000 26
2641000 27
2651000 27
2661000 26
2671000 26
2681000 27
2691000 26
2701000 27
2711000 27
2721000 27
2731000 30
2741000 27
2751000 27
2761000 27
2771000 27
2781000 27
2791000 28
2801000 28
2811000 30
2821000 28
2831000 28
2841000 28
2851000 28
2861000 29
2871000 28
2881000 29
2891000 31
2901000 28
2911000 29
2921000 29
2931000 29
2941000 29
2951000 29
2961000 29
2971000 41
2981000 29
2991000 30
3001000 30
3011000 32
3021000 30
3031000 30
3041000 30
3051000 33
3061000 31
3071000 30
3081000 33
3091000 30
3101000 31
3111000 31
3121000 31
3131000 32
3141000 31
3151000 31
3161000 31
3171000 31
3181000 32
3191000 32
3201000 32
3211000 32
3221000 33
3231000 32
3241000 32
3251000 32
3261000 32
3271000 33
3281000 32
3291000 36
3301000 33
3311000 34
3321000 33
3331000 33
3341000 33
3351000 33
3361000 33
3371000 34
3381000 36
3391000 35
3401000 34
3411000 34
3421000 35
3431000 34
3441000 35
3451000 35
3461000 35
3471000 34
3481000 34
3491000 35
3501000 35
3511000 36
3521000 35
3531000 35
3541000 35
3551000 35
3561000 35
3571000 37
3581000 35
3591000 38
3601000 36
3611000 36
3621000 36
3631000 37
3641000 36
3651000 38
3661000 36
3671000 39
3681000 36
3691000 37
3701000 37
3711000 37
3721000 37
3731000 39
3741000 37
3751000 40
3761000 37
3771000 37
3781000 37
3791000 38
3801000 38
3811000 38
3821000 38
3831000 43
3841000 39
3851000 47
3861000 38
3871000 40
3881000 39
3891000 39
3901000 39
3911000 39
3921000 39
3931000 39
3941000 39
3951000 39
3961000 40
3971000 39
3981000 39
3991000 40
